xof 0303txt 0032

template XSkinMeshHeader {
  <3cf169ce-ff7c-44ab-93c0-f78f62d172e2>
  WORD nMaxSkinWeightsPerVertex;
  WORD nMaxSkinWeightsPerFace;
  WORD nBones;
}

template SkinWeights {
  <6f0d123b-bad2-4167-a0d0-80224f25fabb>
  STRING transformNodeName;
  DWORD nWeights;
  array DWORD vertexIndices[nWeights];
  array float weights[nWeights];
  Matrix4x4 matrixOffset;
}

Frame Root {
  FrameTransformMatrix {
     1.000000, 0.000000, 0.000000, 0.000000,
     0.000000,-0.000000,-1.000000, 0.000000,
     0.000000, 1.000000,-0.000000, 0.000000,
     0.000000, 0.000000, 0.000000, 1.000000;;
  }
  Frame Armature {
    FrameTransformMatrix {
       0.010000, 0.000000, 0.000000, 0.000000,
       0.000000,-0.000000, 0.010000, 0.000000,
       0.000000,-0.010000,-0.000000, 0.000000,
       0.000000, 0.000000, 0.000000, 1.000000;;
    }
    Frame Armature_joint1 {
      FrameTransformMatrix {
        -0.000000, 0.997557,-0.069860, 0.000000,
         0.000000, 0.069860, 0.997557, 0.000000,
         1.000000, 0.000000, 0.000000, 0.000000,
         0.000000, 2.800000,-0.000000, 1.000000;;
      }
      Frame Armature_joint13 {
        FrameTransformMatrix {
          -0.916899,-0.064211,-0.393919, 0.000000,
           0.392957, 0.027519,-0.919145, 0.000000,
           0.069860,-0.997557,-0.000000, 0.000000,
          -0.276269, 1.534906,-0.671753, 1.000000;;
        }
        Frame Armature_joint15 {
          FrameTransformMatrix {
             1.000000, 0.000000, 0.000000, 0.000000,
            -0.000000, 1.000000, 0.000000, 0.000000,
            -0.000000,-0.000000, 1.000000, 0.000000,
             0.514152, 0.281709,-1.122277, 1.000000;;
          }
          Frame Armature_joint14 {
            FrameTransformMatrix {
              -0.214433,-0.500343,-0.838854, 0.000000,
              -0.919145, 0.393919, 0.000000, 0.000000,
               0.330440, 0.771028,-0.544357, 0.000000,
               1.128646, 0.051272,-0.693657, 1.000000;;
            }
            Frame Armature_joint36 {
              FrameTransformMatrix {
                -0.000000, 1.000000,-0.000000, 0.000000,
                -0.544357, 0.000000, 0.838854, 0.000000,
                 0.838854, 0.000000, 0.544357, 0.000000,
                 0.302689,-1.360968, 0.538105, 1.000000;;
              }
            } // End of Armature_joint36
          } // End of Armature_joint14
        } // End of Armature_joint15
      } // End of Armature_joint13
      Frame Armature_joint16 {
        FrameTransformMatrix {
          -0.065862, 0.940474, 0.333422, 0.000000,
           0.997557, 0.069860, 0.000000, 0.000000,
          -0.023293, 0.332607,-0.942778, 0.000000,
          -0.392907, 1.469686, 0.687120, 1.000000;;
        }
        Frame Armature_joint17 {
          FrameTransformMatrix {
             0.431875,-0.888907, 0.152736, 0.000000,
             0.838042, 0.458088, 0.296381, 0.000000,
            -0.333422, 0.000000, 0.942778, 0.000000,
             1.377999,-0.289275,-0.115938, 1.000000;;
          }
          Frame Armature_joint18 {
            FrameTransformMatrix {
               0.989140,-0.146979,-0.000000, 0.000000,
               0.146979, 0.989140, 0.000000, 0.000000,
              -0.000000,-0.000000, 1.000000, 0.000000,
               1.152785, 0.123474,-0.445783, 1.000000;;
            }
            Frame Armature_joint19 {
              FrameTransformMatrix {
                -0.946582, 0.322462,-0.000000, 0.000000,
                 0.000000, 0.000000, 1.000000, 0.000000,
                 0.322462, 0.946582,-0.000000, 0.000000,
                 1.483217, 0.387881,-0.169091, 1.000000;;
              }
            } // End of Armature_joint19
          } // End of Armature_joint18
        } // End of Armature_joint17
      } // End of Armature_joint16
      Frame Armature_joint2 {
        FrameTransformMatrix {
           0.997557, 0.069860, 0.000000, 0.000000,
           0.000000, 0.000000,-1.000000, 0.000000,
          -0.069860, 0.997557, 0.000000, 0.000000,
           2.405878,-0.000001, 0.000000, 1.000000;;
        }
        Frame Armature_joint3 {
          FrameTransformMatrix {
             0.800000, 0.599999, 0.000000, 0.000000,
             0.600000,-0.800000, 0.000000, 0.000000,
             0.000000, 0.000000,-1.000000, 0.000000,
             2.400001, 0.000000,-0.037350, 1.000000;;
          }
          Frame Armature_joint10 {
            FrameTransformMatrix {
              -0.178885, 0.983870,-0.000000, 0.000000,
               0.983870, 0.178885, 0.000000, 0.000000,
               0.000000,-0.000000,-1.000000, 0.000000,
              -0.830678, 1.107570, 0.609284, 1.000000;;
            }
            Frame Armature_joint11 {
              FrameTransformMatrix {
                 0.447214, 0.894427,-0.000000, 0.000000,
                -0.894427, 0.447214, 0.000000, 0.000000,
                 0.000000, 0.000000, 1.000000, 0.000000,
                 0.798247, 0.048090,-0.455150, 1.000000;;
              }
              Frame Armature_joint12 {
                FrameTransformMatrix {
                   0.800000, 0.600000,-0.000000, 0.000000,
                   0.600000,-0.800000,-0.000000, 0.000000,
                  -0.000000,-0.000000,-1.000000, 0.000000,
                   1.600001, 0.000001,-2.226391, 1.000000;;
                }
              } // End of Armature_joint12
            } // End of Armature_joint11
          } // End of Armature_joint10
          Frame Armature_joint4 {
            FrameTransformMatrix {
               0.630592, 0.776115,-0.000000, 0.000000,
               0.776114,-0.630593, 0.000000, 0.000000,
               0.000000,-0.000000,-1.000000, 0.000000,
               2.000001,-0.000001,-0.383729, 1.000000;;
            }
            Frame Armature_joint5 {
              FrameTransformMatrix {
                 0.242537,-0.970142, 0.000000, 0.000000,
                 0.970142, 0.242536,-0.000000, 0.000000,
                 0.000000, 0.000000, 1.000000, 0.000000,
                 1.689202,-0.159837, 1.073256, 1.000000;;
              }
            } // End of Armature_joint5
          } // End of Armature_joint4
        } // End of Armature_joint3
        Frame Armature_joint6 {
          FrameTransformMatrix {
            -0.554700, 0.832050,-0.000000, 0.000000,
             0.832050, 0.554700, 0.000000, 0.000000,
             0.000000,-0.000000,-1.000000, 0.000000,
             0.038914, 1.833475, 0.819238, 1.000000;;
          }
          Frame Armature_joint7 {
            FrameTransformMatrix {
               0.496139, 0.868243, 0.000000, 0.000000,
              -0.868243, 0.496139, 0.000000, 0.000000,
               0.000000,-0.000000, 1.000000, 0.000000,
               0.819651, 0.231150,-0.170428, 1.000000;;
            }
            Frame Armature_joint8 {
              FrameTransformMatrix {
                 0.707106, 0.707107, 0.000000, 0.000000,
                -0.707107, 0.707106, 0.000000, 0.000000,
                 0.000000,-0.000000, 1.000000, 0.000000,
                 0.847509,-0.196954,-0.000000, 1.000000;;
              }
              Frame Armature_joint9 {
                FrameTransformMatrix {
                   0.948685, 0.316229,-0.000000, 0.000000,
                   0.316228,-0.948684,-0.000000, 0.000000,
                  -0.000000, 0.000000,-1.000000, 0.000000,
                   2.572206, 0.096632, 1.416163, 1.000000;;
                }
              } // End of Armature_joint9
            } // End of Armature_joint8
          } // End of Armature_joint7
        } // End of Armature_joint6
      } // End of Armature_joint2
      Frame Armature_joint20 {
        FrameTransformMatrix {
          -0.018502, 0.264194, 0.964292, 0.000000,
           0.997557, 0.069860, 0.000000, 0.000000,
          -0.067365, 0.961936,-0.264841, 0.000000,
          -0.242959, 0.571027, 1.640174, 1.000000;;
        }
        Frame Armature_joint21 {
          FrameTransformMatrix {
            -0.075609,-0.996921, 0.020766, 0.000000,
            -0.961323, 0.078409, 0.264025, 0.000000,
            -0.264841, 0.000000,-0.964292, 0.000000,
             2.345543, 0.096417, 0.280383, 1.000000;;
          }
          Frame Armature_joint22 {
            FrameTransformMatrix {
               0.861882,-0.507111,-0.000000, 0.000000,
              -0.507110,-0.861881,-0.000000, 0.000000,
              -0.000000, 0.000000,-1.000000, 0.000000,
               1.484185,-0.010908,-0.000000, 1.000000;;
            }
            Frame Armature_joint23 {
              FrameTransformMatrix {
                -0.896793, 0.436899,-0.069860, 0.000000,
                -0.062803, 0.030596, 0.997557, 0.000000,
                 0.437969, 0.898990,-0.000000, 0.000000,
                 1.379427,-0.139420, 0.245949, 1.000000;;
              }
            } // End of Armature_joint23
          } // End of Armature_joint22
        } // End of Armature_joint21
      } // End of Armature_joint20
      Frame Armature_joint24 {
        FrameTransformMatrix {
          -0.042592,-0.002983,-0.999088, 0.000000,
           0.996647, 0.069796,-0.042696, 0.000000,
           0.069860,-0.997557,-0.000000, 0.000000,
          -0.214512, 0.616766,-1.566942, 1.000000;;
        }
        Frame Armature_joint25 {
          FrameTransformMatrix {
            -0.045931,-0.998945,-0.000000, 0.000000,
            -0.998945, 0.045931,-0.000000, 0.000000,
             0.000000, 0.000000,-1.000000, 0.000000,
             2.047022, 0.168052,-0.639162, 1.000000;;
          }
          Frame Armature_joint26 {
            FrameTransformMatrix {
               0.816746,-0.576998,-0.000000, 0.000000,
              -0.576998,-0.816746, 0.000000, 0.000000,
              -0.000000,-0.000000,-1.000000, 0.000000,
               1.508957, 0.019207, 0.224176, 1.000000;;
            }
            Frame Armature_joint27 {
              FrameTransformMatrix {
                -0.862513, 0.501190, 0.069860, 0.000000,
                -0.060403, 0.035099,-0.997557, 0.000000,
                -0.502417,-0.864625,-0.000000, 0.000000,
                 1.427702,-0.000000,-0.234912, 1.000000;;
              }
            } // End of Armature_joint27
          } // End of Armature_joint26
        } // End of Armature_joint25
      } // End of Armature_joint24
      Frame Armature_joint28 {
        FrameTransformMatrix {
           0.061017,-0.871293, 0.486955, 0.000000,
           0.997557, 0.069860, 0.000000, 0.000000,
          -0.034019, 0.485765, 0.873427, 0.000000,
           0.146948,-2.098329, 0.810095, 1.000000;;
        }
        Frame Armature_joint29 {
          FrameTransformMatrix {
            -0.187465,-0.976695, 0.104516, 0.000000,
            -0.853072, 0.214631, 0.475606, 0.000000,
            -0.486955, 0.000000,-0.873427, 0.000000,
             1.988738,-0.724531,-0.000000, 1.000000;;
          }
          Frame Armature_joint30 {
            FrameTransformMatrix {
               0.787636,-0.616141, 0.000000, 0.000000,
              -0.616141,-0.787636, 0.000000, 0.000000,
               0.000000,-0.000000,-1.000000, 0.000000,
               1.129732, 0.116286, 0.000000, 1.000000;;
            }
            Frame Armature_joint31 {
              FrameTransformMatrix {
                -0.869089, 0.494654,-0.000000, 0.000000,
                -0.494654,-0.869090,-0.000000, 0.000000,
                -0.000000, 0.000000, 1.000000, 0.000000,
                 1.297596, 0.042532, 0.000000, 1.000000;;
              }
            } // End of Armature_joint31
          } // End of Armature_joint30
        } // End of Armature_joint29
      } // End of Armature_joint28
      Frame Armature_joint32 {
        FrameTransformMatrix {
           0.066223,-0.945624,-0.318449, 0.000000,
           0.997557, 0.069860, 0.000000, 0.000000,
           0.022247,-0.317671, 0.947940, 0.000000,
           0.138357,-1.975654,-1.019154, 1.000000;;
        }
        Frame Armature_joint33 {
          FrameTransformMatrix {
            -0.313366,-0.943780,-0.105271, 0.000000,
            -0.894646, 0.330576,-0.300546, 0.000000,
             0.318449, 0.000000,-0.947940, 0.000000,
             2.108417,-0.690029,-0.016268, 1.000000;;
          }
          Frame Armature_joint34 {
            FrameTransformMatrix {
               0.593913,-0.804530, 0.000000, 0.000000,
              -0.804529,-0.593913, 0.000000, 0.000000,
               0.000000,-0.000000,-1.000000, 0.000000,
               1.103746,-0.011389,-0.025855, 1.000000;;
            }
            Frame Armature_joint35 {
              FrameTransformMatrix {
                -0.785133, 0.619328,-0.000000, 0.000000,
                -0.619328,-0.785133,-0.000000, 0.000000,
                -0.000000, 0.000000, 1.000000, 0.000000,
                 1.463585,-0.046697,-0.301758, 1.000000;;
              }
            } // End of Armature_joint35
          } // End of Armature_joint34
        } // End of Armature_joint33
      } // End of Armature_joint32
    } // End of Armature_joint1
    Frame pCylinder5 {
      FrameTransformMatrix {
         1.000000, 0.000000,-0.000000, 0.000000,
         0.000000, 1.000000, 0.000000, 0.000000,
        -0.000000, 0.000000, 1.000000, 0.000000,
         0.000000, 1.336817,-0.000000, 1.000000;;
      }
      Mesh { // pCylinder5 mesh
        894;
         1.998855;-1.341428;-3.626673;,
         1.628163;-1.383777;-3.763520;,
         1.748829;-1.312893;-4.112321;,
         2.119522;-1.270545;-3.975474;,
        -1.624178;-1.309607;-4.078131;,
        -1.980214;-1.273646;-3.961181;,
        -2.084040;-1.212224;-4.296151;,
        -1.728004;-1.248184;-4.413101;,
         2.031617; 2.308973;-1.308959;,
        -0.000545; 2.374987;-2.659125;,
         0.000000; 2.984071;-2.195733;,
         1.778298; 2.879344;-1.423615;,
        -0.000545; 2.374987;-2.659125;,
        -2.032707; 2.308973;-1.308959;,
        -1.778298; 2.879344;-1.423615;,
         0.000000; 2.984071;-2.195733;,
        -2.032707; 2.308973;-1.308959;,
        -2.013295; 2.631920; 0.000000;,
        -2.139680; 3.239968; 0.000000;,
        -1.778298; 2.879344;-1.423615;,
        -2.013295; 2.631920; 0.000000;,
        -1.423615; 1.963396; 1.423615;,
        -1.423615; 2.772589; 0.999132;,
        -2.139680; 3.239968; 0.000000;,
        -1.423615; 1.963396; 1.423615;,
         0.000000; 1.566222; 2.013295;,
         0.000000; 2.638090; 1.705654;,
        -1.423615; 2.772589; 0.999132;,
         0.000000; 1.566222; 2.013295;,
         1.423615; 1.963396; 1.423615;,
         1.423615; 2.772589; 0.999132;,
         0.000000; 2.638090; 1.705654;,
         1.423615; 1.963396; 1.423615;,
         2.013295; 2.631920; 0.000000;,
         1.897583; 3.239968; 0.000000;,
         1.423615; 2.772589; 0.999132;,
         2.013295; 2.631920; 0.000000;,
         2.031617; 2.308973;-1.308959;,
         1.778298; 2.879344;-1.423615;,
         1.897583; 3.239968; 0.000000;,
         1.778298; 2.879344;-1.423615;,
         0.000000; 2.984071;-2.195733;,
         0.000000; 3.496076;-2.013295;,
         1.423615; 3.496076;-1.423615;,
         0.000000; 2.984071;-2.195733;,
        -1.778298; 2.879344;-1.423615;,
        -1.423615; 3.496076;-1.423615;,
         0.000000; 3.496076;-2.013295;,
        -1.778298; 2.879344;-1.423615;,
        -2.139680; 3.239968; 0.000000;,
        -2.217414; 3.446061; 0.000000;,
        -1.423615; 3.496076;-1.423615;,
        -2.139680; 3.239968; 0.000000;,
        -1.423615; 2.772589; 0.999132;,
        -1.423615; 3.413643; 1.077154;,
        -2.217414; 3.446061; 0.000000;,
        -1.423615; 2.772589; 0.999132;,
         0.000000; 2.638090; 1.705654;,
         0.000000; 3.550600; 1.607966;,
        -1.423615; 3.413643; 1.077154;,
         0.000000; 2.638090; 1.705654;,
         1.423615; 2.772589; 0.999132;,
         1.114442; 3.695021; 1.068015;,
         0.000000; 3.550600; 1.607966;,
         1.423615; 2.772589; 0.999132;,
         1.897583; 3.239968; 0.000000;,
         1.801984; 3.878352; 0.000000;,
         1.114442; 3.695021; 1.068015;,
         1.897583; 3.239968; 0.000000;,
         1.778298; 2.879344;-1.423615;,
         1.423615; 3.496076;-1.423615;,
         1.801984; 3.878352; 0.000000;,
         1.423615; 3.496076;-1.423615;,
         0.000000; 3.496076;-2.013295;,
         0.000000; 4.607691;-1.794441;,
         1.140189; 4.607691;-1.204761;,
         0.000000; 3.496076;-2.013295;,
        -1.423615; 3.496076;-1.423615;,
        -1.140189; 4.607691;-1.204761;,
         0.000000; 4.607691;-1.794441;,
        -1.423615; 3.496076;-1.423615;,
        -2.217414; 3.446061; 0.000000;,
        -2.139680; 4.607691; 0.000000;,
        -1.140189; 4.607691;-1.204761;,
        -4.068568; 6.149330;-0.569403;,
        -4.308994; 6.153289;-0.488625;,
        -4.281330; 6.346986;-0.484982;,
        -4.069993; 6.346986;-0.558579;,
        -1.423615; 3.413643; 1.077154;,
         0.000000; 3.550600; 1.607966;,
         0.000000; 4.595193; 1.490949;,
        -1.423615; 4.547292; 0.951553;,
         0.000000; 3.550600; 1.607966;,
         1.114442; 3.695021; 1.068015;,
         1.064406; 4.547292; 0.951553;,
         0.000000; 4.595193; 1.490949;,
         1.114442; 3.695021; 1.068015;,
         1.801984; 3.878352; 0.000000;,
         1.349797; 4.507121; 0.039937;,
         1.064406; 4.547292; 0.951553;,
         1.801984; 3.878352; 0.000000;,
         1.423615; 3.496076;-1.423615;,
         1.140189; 4.607691;-1.204761;,
         1.349797; 4.507121; 0.039937;,
         1.140189; 4.607691;-1.204761;,
         0.000000; 4.607691;-1.794441;,
        -0.002017; 5.777654;-1.731402;,
         1.277219; 5.777654;-1.201525;,
         0.000000; 4.607691;-1.794441;,
        -1.140189; 4.607691;-1.204761;,
        -1.281253; 5.777654;-1.201525;,
        -0.002017; 5.777654;-1.731402;,
        -1.140189; 4.607691;-1.204761;,
        -2.139680; 4.607691; 0.000000;,
        -1.510288; 5.706645;-0.020943;,
        -1.281253; 5.777654;-1.201525;,
        -2.139680; 4.607691; 0.000000;,
        -1.423615; 4.547292; 0.951553;,
        -1.109813; 5.555388; 0.588171;,
        -1.510288; 5.706645;-0.020943;,
        -1.423615; 4.547292; 0.951553;,
         0.000000; 4.595193; 1.490949;,
        -0.002017; 5.646688; 0.995317;,
        -1.109813; 5.555388; 0.588171;,
         0.000000; 4.595193; 1.490949;,
         1.064406; 4.547292; 0.951553;,
         1.105779; 5.555388; 0.588171;,
        -0.002017; 5.646688; 0.995317;,
         1.064406; 4.547292; 0.951553;,
         1.349797; 4.507121; 0.039937;,
         1.408899; 5.777654;-0.020943;,
         1.105779; 5.555388; 0.588171;,
         1.349797; 4.507121; 0.039937;,
         1.140189; 4.607691;-1.204761;,
         1.277219; 5.777654;-1.201525;,
         1.408899; 5.777654;-0.020943;,
        -0.000545; 0.810914;-2.026982;,
         1.840312; 1.022771;-1.296474;,
         0.000000; 0.525163; 0.000000;,
        -1.840857; 1.022771;-1.289054;,
        -0.000545; 0.810914;-2.026982;,
         0.000000; 0.525163; 0.000000;,
        -2.013295; 0.638425; 0.000000;,
        -1.840857; 1.022771;-1.289054;,
         0.000000; 0.525163; 0.000000;,
        -1.423615; 0.362056; 1.423615;,
        -2.013295; 0.638425; 0.000000;,
         0.000000; 0.525163; 0.000000;,
         2.013295; 0.638425; 0.000000;,
         1.423615; 0.362056; 1.423615;,
         0.000000; 0.525163; 0.000000;,
         1.840312; 1.022771;-1.296474;,
         2.013295; 0.638425; 0.000000;,
         0.000000; 0.525163; 0.000000;,
         1.840312; 1.022771;-1.296474;,
        -0.000545; 0.810914;-2.026982;,
         0.352686; 0.880042;-3.130312;,
         1.941825; 0.880042;-2.181260;,
        -0.000545; 0.810914;-2.026982;,
        -0.000545; 2.374987;-2.659125;,
         0.352686; 1.924395;-3.130312;,
         0.352686; 0.880042;-3.130312;,
        -0.000545; 2.374987;-2.659125;,
         2.031617; 2.308973;-1.308959;,
         1.941825; 1.924395;-2.181260;,
         0.352686; 1.924395;-3.130312;,
         2.031617; 2.308973;-1.308959;,
         1.840312; 1.022771;-1.296474;,
         1.941825; 0.880042;-2.181260;,
         1.941825; 1.924395;-2.181260;,
        -0.000545; 0.810914;-2.026982;,
        -1.840857; 1.022771;-1.289054;,
        -1.927582; 0.859902;-2.255193;,
        -0.403868; 0.859902;-2.971030;,
        -1.840857; 1.022771;-1.289054;,
        -2.032707; 2.308973;-1.308959;,
        -1.927582; 1.904256;-2.255193;,
        -1.927582; 0.859902;-2.255193;,
        -2.032707; 2.308973;-1.308959;,
        -0.000545; 2.374987;-2.659125;,
        -0.403868; 1.904256;-2.971030;,
        -1.927582; 1.904256;-2.255193;,
        -0.000545; 2.374987;-2.659125;,
        -0.000545; 0.810914;-2.026982;,
        -0.403868; 0.859902;-2.971030;,
        -0.403868; 1.904256;-2.971030;,
         0.000000; 0.362056; 2.013295;,
        -1.423615; 0.362056; 1.423615;,
         0.000000; 0.525163; 0.000000;,
         1.423615; 0.362056; 1.423615;,
         1.941825; 0.880042;-2.181260;,
         0.352686; 0.880042;-3.130312;,
         1.004945; 0.379196;-3.697355;,
         1.870836; 0.441476;-3.014802;,
         0.352686; 0.880042;-3.130312;,
         0.352686; 1.924395;-3.130312;,
         1.602807; 0.712300;-4.486201;,
         1.004945; 0.379196;-3.697355;,
         0.352686; 1.924395;-3.130312;,
         1.941825; 1.924395;-2.181260;,
         2.468698; 0.774579;-3.803648;,
         1.602807; 0.712300;-4.486201;,
         1.941825; 1.924395;-2.181260;,
         1.941825; 0.880042;-2.181260;,
         1.870836; 0.441476;-3.014802;,
         2.468698; 0.774579;-3.803648;,
        -0.403868; 0.859902;-2.971030;,
        -1.927582; 0.859902;-2.255193;,
        -2.081830; 0.442354;-3.269751;,
        -1.037459; 0.452808;-3.628502;,
        -1.927582; 0.859902;-2.255193;,
        -1.927582; 1.904256;-2.255193;,
        -2.386387; 0.928970;-4.142176;,
        -2.081830; 0.442354;-3.269751;,
        -1.927582; 1.904256;-2.255193;,
        -0.403868; 1.904256;-2.971030;,
        -1.342015; 0.939425;-4.500926;,
        -2.386387; 0.928970;-4.142176;,
        -0.403868; 1.904256;-2.971030;,
        -0.403868; 0.859902;-2.971030;,
        -1.037459; 0.452808;-3.628502;,
        -1.342015; 0.939425;-4.500926;,
         1.870836; 0.441476;-3.014802;,
         1.004945; 0.379196;-3.697355;,
         1.202678;-0.442521;-3.318174;,
         1.885320;-0.401249;-3.057624;,
         1.004945; 0.379196;-3.697355;,
         1.602807; 0.712300;-4.486201;,
         1.424891;-0.221772;-3.935339;,
         1.202678;-0.442521;-3.318174;,
         1.602807; 0.712300;-4.486201;,
         2.468698; 0.774579;-3.803648;,
         2.107533;-0.180499;-3.674789;,
         1.424891;-0.221772;-3.935339;,
         2.468698; 0.774579;-3.803648;,
         1.870836; 0.441476;-3.014802;,
         1.885320;-0.401249;-3.057624;,
         2.107533;-0.180499;-3.674789;,
        -1.037459; 0.452808;-3.628502;,
        -2.081830; 0.442354;-3.269751;,
        -1.943600;-0.379547;-3.127517;,
        -1.150204;-0.371605;-3.400055;,
        -2.081830; 0.442354;-3.269751;,
        -2.386387; 0.928970;-4.142176;,
        -2.174968;-0.009871;-3.790287;,
        -1.943600;-0.379547;-3.127517;,
        -2.386387; 0.928970;-4.142176;,
        -1.342015; 0.939425;-4.500926;,
        -1.381571;-0.001929;-4.062825;,
        -2.174968;-0.009871;-3.790287;,
        -1.342015; 0.939425;-4.500926;,
        -1.037459; 0.452808;-3.628502;,
        -1.150204;-0.371605;-3.400055;,
        -1.381571;-0.001929;-4.062825;,
         1.885320;-0.401249;-3.057624;,
         1.202678;-0.442521;-3.318174;,
         1.628163;-1.383777;-3.763520;,
         1.998855;-1.341428;-3.626673;,
         1.202678;-0.442521;-3.318174;,
         1.424891;-0.221772;-3.935339;,
         1.748829;-1.312893;-4.112321;,
         1.628163;-1.383777;-3.763520;,
         1.424891;-0.221772;-3.935339;,
         2.107533;-0.180499;-3.674789;,
         2.119522;-1.270545;-3.975474;,
         1.748829;-1.312893;-4.112321;,
         2.107533;-0.180499;-3.674789;,
         1.885320;-0.401249;-3.057624;,
         1.998855;-1.341428;-3.626673;,
         2.119522;-1.270545;-3.975474;,
        -1.150204;-0.371605;-3.400055;,
        -1.943600;-0.379547;-3.127517;,
        -1.980214;-1.273646;-3.961181;,
        -1.624178;-1.309607;-4.078131;,
        -1.943600;-0.379547;-3.127517;,
        -2.174968;-0.009871;-3.790287;,
        -2.084040;-1.212224;-4.296151;,
        -1.980214;-1.273646;-3.961181;,
        -2.174968;-0.009871;-3.790287;,
        -1.381571;-0.001929;-4.062825;,
        -1.728004;-1.248184;-4.413101;,
        -2.084040;-1.212224;-4.296151;,
        -1.381571;-0.001929;-4.062825;,
        -1.150204;-0.371605;-3.400055;,
        -1.624178;-1.309607;-4.078131;,
        -1.728004;-1.248184;-4.413101;,
         3.752823;-1.339301; 1.822720;,
         4.192502;-1.340393; 1.306632;,
         4.669246;-1.202234; 1.712499;,
         4.229567;-1.201142; 2.228588;,
         1.423615; 0.362056; 1.423615;,
         2.013295; 0.638425; 0.000000;,
         2.949850; 0.724861; 0.435211;,
         2.333811; 0.724861; 1.688047;,
         2.013295; 0.638425; 0.000000;,
         2.013295; 2.631920; 0.000000;,
         2.945787; 1.619359; 0.443473;,
         2.949850; 0.724861; 0.435211;,
         2.013295; 2.631920; 0.000000;,
         1.423615; 1.963396; 1.423615;,
         2.337873; 1.619359; 1.679785;,
         2.945787; 1.619359; 0.443473;,
         1.423615; 1.963396; 1.423615;,
         1.423615; 0.362056; 1.423615;,
         2.333811; 0.724861; 1.688047;,
         2.337873; 1.619359; 1.679785;,
         2.333811; 0.724861; 1.688047;,
         2.949850; 0.724861; 0.435211;,
         3.688535; 0.790566; 0.359230;,
         2.954700; 0.804577; 1.644422;,
         2.949850; 0.724861; 0.435211;,
         2.945787; 1.619359; 0.443473;,
         4.277143; 1.725776; 0.967935;,
         3.688535; 0.790566; 0.359230;,
         2.945787; 1.619359; 0.443473;,
         2.337873; 1.619359; 1.679785;,
         3.543309; 1.739787; 2.253127;,
         4.277143; 1.725776; 0.967935;,
         2.337873; 1.619359; 1.679785;,
         2.333811; 0.724861; 1.688047;,
         2.954700; 0.804577; 1.644422;,
         3.543309; 1.739787; 2.253127;,
         2.954700; 0.804577; 1.644422;,
         3.688535; 0.790566; 0.359230;,
         3.547773;-0.338129; 0.742866;,
         3.000217;-0.327675; 1.701822;,
         3.688535; 0.790566; 0.359230;,
         4.277143; 1.725776; 0.967935;,
         4.352504; 0.148487; 1.197055;,
         3.547773;-0.338129; 0.742866;,
         4.277143; 1.725776; 0.967935;,
         3.543309; 1.739787; 2.253127;,
         3.804948; 0.158942; 2.156011;,
         4.352504; 0.148487; 1.197055;,
         3.543309; 1.739787; 2.253127;,
         2.954700; 0.804577; 1.644422;,
         3.000217;-0.327675; 1.701822;,
         3.804948; 0.158942; 2.156011;,
         3.000217;-0.327675; 1.701822;,
         3.547773;-0.338129; 0.742866;,
         4.192502;-1.340393; 1.306632;,
         3.752823;-1.339301; 1.822720;,
         3.547773;-0.338129; 0.742866;,
         4.352504; 0.148487; 1.197055;,
         4.669246;-1.202234; 1.712499;,
         4.192502;-1.340393; 1.306632;,
         4.352504; 0.148487; 1.197055;,
         3.804948; 0.158942; 2.156011;,
         4.229567;-1.201142; 2.228588;,
         4.669246;-1.202234; 1.712499;,
         3.804948; 0.158942; 2.156011;,
         3.000217;-0.327675; 1.701822;,
         3.752823;-1.339301; 1.822720;,
         4.229567;-1.201142; 2.228588;,
        -1.986672;-1.345282; 3.682609;,
        -1.652104;-1.365510; 3.810307;,
        -1.761012;-1.257318; 4.112784;,
        -2.095580;-1.237091; 3.985086;,
         1.630898;-1.363548; 4.130342;,
         1.976528;-1.367008; 4.011615;,
         2.077320;-1.205964; 4.300340;,
         1.731690;-1.202505; 4.419066;,
        -1.423615; 0.362056; 1.423615;,
         0.000000; 0.362056; 2.013295;,
        -0.593414; 0.356180; 2.693323;,
        -1.613673; 0.356180; 2.270719;,
         0.000000; 0.362056; 2.013295;,
         0.000000; 1.566222; 2.013295;,
        -0.593414; 1.489661; 2.903690;,
        -0.593414; 0.356180; 2.693323;,
         0.000000; 1.566222; 2.013295;,
        -1.423615; 1.963396; 1.423615;,
        -1.613673; 1.489661; 2.481085;,
        -0.593414; 1.489661; 2.903690;,
        -1.423615; 1.963396; 1.423615;,
        -1.423615; 0.362056; 1.423615;,
        -1.613673; 0.356180; 2.270719;,
        -1.613673; 1.489661; 2.481085;,
         0.000000; 0.362056; 2.013295;,
         1.423615; 0.362056; 1.423615;,
         1.396067; 0.438299; 2.481085;,
         0.375808; 0.438299; 2.903690;,
         1.423615; 0.362056; 1.423615;,
         1.423615; 1.963396; 1.423615;,
         1.613673; 1.435733; 2.481085;,
         1.396067; 0.438299; 2.481085;,
         1.423615; 1.963396; 1.423615;,
         0.000000; 1.566222; 2.013295;,
         0.593414; 1.435733; 2.903690;,
         1.613673; 1.435733; 2.481085;,
         0.000000; 1.566222; 2.013295;,
         0.000000; 0.362056; 2.013295;,
         0.375808; 0.438299; 2.903690;,
         0.593414; 1.435733; 2.903690;,
        -1.613673; 0.356180; 2.270719;,
        -0.593414; 0.356180; 2.693323;,
        -1.037699; 0.038148; 3.152215;,
        -1.820665; 0.085487; 2.853373;,
        -0.593414; 0.356180; 2.693323;,
        -0.593414; 1.489661; 2.903690;,
        -1.288523; 0.291340; 3.860082;,
        -1.037699; 0.038148; 3.152215;,
        -0.593414; 1.489661; 2.903690;,
        -1.613673; 1.489661; 2.481085;,
        -2.071489; 0.338679; 3.561240;,
        -1.288523; 0.291340; 3.860082;,
        -1.613673; 1.489661; 2.481085;,
        -1.613673; 0.356180; 2.270719;,
        -1.820665; 0.085487; 2.853373;,
        -2.071489; 0.338679; 3.561240;,
         0.375808; 0.438299; 2.903690;,
         1.396067; 0.438299; 2.481085;,
         1.861522;-0.190349; 2.882257;,
         1.056388;-0.182290; 3.158827;,
         1.396067; 0.438299; 2.481085;,
         1.613673; 1.435733; 2.481085;,
         2.096313; 0.184796; 3.554832;,
         1.861522;-0.190349; 2.882257;,
         1.613673; 1.435733; 2.481085;,
         0.593414; 1.435733; 2.903690;,
         1.291179; 0.192856; 3.831403;,
         2.096313; 0.184796; 3.554832;,
         0.593414; 1.435733; 2.903690;,
         0.375808; 0.438299; 2.903690;,
         1.056388;-0.182290; 3.158827;,
         1.291179; 0.192856; 3.831403;,
        -1.820665; 0.085487; 2.853373;,
        -1.037699; 0.038148; 3.152215;,
        -1.273215;-0.587220; 3.274301;,
        -1.849428;-0.533501; 3.054373;,
        -1.037699; 0.038148; 3.152215;,
        -1.288523; 0.291340; 3.860082;,
        -1.460783;-0.299900; 3.795246;,
        -1.273215;-0.587220; 3.274301;,
        -1.288523; 0.291340; 3.860082;,
        -2.071489; 0.338679; 3.561240;,
        -2.036996;-0.246181; 3.575317;,
        -1.460783;-0.299900; 3.795246;,
        -2.071489; 0.338679; 3.561240;,
        -1.820665; 0.085487; 2.853373;,
        -1.849428;-0.533501; 3.054373;,
        -2.036996;-0.246181; 3.575317;,
         1.056388;-0.182290; 3.158827;,
         1.861522;-0.190349; 2.882257;,
         1.879888;-0.628036; 3.141885;,
         1.266371;-0.621895; 3.352633;,
         1.861522;-0.190349; 2.882257;,
         2.096313; 0.184796; 3.554832;,
         2.058800;-0.342173; 3.654391;,
         1.879888;-0.628036; 3.141885;,
         2.096313; 0.184796; 3.554832;,
         1.291179; 0.192856; 3.831403;,
         1.445283;-0.336031; 3.865140;,
         2.058800;-0.342173; 3.654391;,
         1.291179; 0.192856; 3.831403;,
         1.056388;-0.182290; 3.158827;,
         1.266371;-0.621895; 3.352633;,
         1.445283;-0.336031; 3.865140;,
        -1.849428;-0.533501; 3.054373;,
        -1.273215;-0.587220; 3.274301;,
        -1.652104;-1.365510; 3.810307;,
        -1.986672;-1.345282; 3.682609;,
        -1.273215;-0.587220; 3.274301;,
        -1.460783;-0.299900; 3.795246;,
        -1.761012;-1.257318; 4.112784;,
        -1.652104;-1.365510; 3.810307;,
        -1.460783;-0.299900; 3.795246;,
        -2.036996;-0.246181; 3.575317;,
        -2.095580;-1.237091; 3.985086;,
        -1.761012;-1.257318; 4.112784;,
        -2.036996;-0.246181; 3.575317;,
        -1.849428;-0.533501; 3.054373;,
        -1.986672;-1.345282; 3.682609;,
        -2.095580;-1.237091; 3.985086;,
         1.266371;-0.621895; 3.352633;,
         1.879888;-0.628036; 3.141885;,
         1.976528;-1.367008; 4.011615;,
         1.630898;-1.363548; 4.130342;,
         1.879888;-0.628036; 3.141885;,
         2.058800;-0.342173; 3.654391;,
         2.077320;-1.205964; 4.300340;,
         1.976528;-1.367008; 4.011615;,
         2.058800;-0.342173; 3.654391;,
         1.445283;-0.336031; 3.865140;,
         1.731690;-1.202505; 4.419066;,
         2.077320;-1.205964; 4.300340;,
         1.445283;-0.336031; 3.865140;,
         1.266371;-0.621895; 3.352633;,
         1.630898;-1.363548; 4.130342;,
         1.731690;-1.202505; 4.419066;,
        -3.975541;-1.350828; 1.135749;,
        -3.703823;-1.379343; 1.681583;,
        -4.193015;-1.205834; 1.934168;,
        -4.464732;-1.177321; 1.388335;,
        -2.013295; 0.638425; 0.000000;,
        -1.423615; 0.362056; 1.423615;,
        -2.463588; 0.618171; 1.684968;,
        -2.937944; 0.618171; 0.658247;,
        -1.423615; 0.362056; 1.423615;,
        -1.423615; 1.963396; 1.423615;,
        -2.463588; 1.687759; 1.684968;,
        -2.463588; 0.618171; 1.684968;,
        -1.423615; 1.963396; 1.423615;,
        -2.013295; 2.631920; 0.000000;,
        -2.937944; 1.687759; 0.658247;,
        -2.463588; 1.687759; 1.684968;,
        -2.013295; 2.631920; 0.000000;,
        -2.013295; 0.638425; 0.000000;,
        -2.937944; 0.618171; 0.658247;,
        -2.937944; 1.687759; 0.658247;,
        -2.937944; 0.618171; 0.658247;,
        -2.463588; 0.618171; 1.684968;,
        -3.038684; 0.585340; 1.781059;,
        -3.587607; 1.156010; 0.538443;,
        -2.463588; 0.618171; 1.684968;,
        -2.463588; 1.687759; 1.684968;,
        -4.018863; 1.784739; 1.949106;,
        -3.038684; 0.585340; 1.781059;,
        -2.463588; 1.687759; 1.684968;,
        -2.937944; 1.687759; 0.658247;,
        -4.163568; 1.790016; 0.596215;,
        -4.018863; 1.784739; 1.949106;,
        -2.937944; 1.687759; 0.658247;,
        -2.937944; 0.618171; 0.658247;,
        -3.587607; 1.156010; 0.538443;,
        -4.163568; 1.790016; 0.596215;,
        -3.587607; 1.156010; 0.538443;,
        -3.038684; 0.585340; 1.781059;,
        -2.986378;-0.212972; 1.674453;,
        -3.476730;-0.150693; 0.686932;,
        -3.038684; 0.585340; 1.781059;,
        -4.018863; 1.784739; 1.949106;,
        -3.864380; 0.120131; 2.131432;,
        -2.986378;-0.212972; 1.674453;,
        -4.018863; 1.784739; 1.949106;,
        -4.163568; 1.790016; 0.596215;,
        -4.354732; 0.182410; 1.143910;,
        -3.864380; 0.120131; 2.131432;,
        -4.163568; 1.790016; 0.596215;,
        -3.587607; 1.156010; 0.538443;,
        -3.476730;-0.150693; 0.686932;,
        -4.354732; 0.182410; 1.143910;,
        -3.476730;-0.150693; 0.686932;,
        -2.986378;-0.212972; 1.674453;,
        -3.703823;-1.379343; 1.681583;,
        -3.975541;-1.350828; 1.135749;,
        -2.986378;-0.212972; 1.674453;,
        -3.864380; 0.120131; 2.131432;,
        -4.193015;-1.205834; 1.934168;,
        -3.703823;-1.379343; 1.681583;,
        -3.864380; 0.120131; 2.131432;,
        -4.354732; 0.182410; 1.143910;,
        -4.464732;-1.177321; 1.388335;,
        -4.193015;-1.205834; 1.934168;,
        -4.354732; 0.182410; 1.143910;,
        -3.476730;-0.150693; 0.686932;,
        -3.975541;-1.350828; 1.135749;,
        -4.464732;-1.177321; 1.388335;,
        -2.032707; 2.308973;-1.308959;,
        -1.840857; 1.022771;-1.289054;,
        -2.013295; 0.638425; 0.000000;,
        -2.013295; 2.631920; 0.000000;,
         2.013295; 2.631920; 0.000000;,
         2.013295; 0.638425; 0.000000;,
         1.840312; 1.022771;-1.296474;,
         2.031617; 2.308973;-1.308959;,
         1.277219; 5.777654;-1.201525;,
        -0.002017; 5.777654;-1.731402;,
        -0.002017; 6.824275;-1.810398;,
         0.998795; 6.824275;-1.395849;,
        -0.002017; 5.777654;-1.731402;,
        -1.281253; 5.777654;-1.201525;,
        -1.002829; 6.824275;-1.395849;,
        -0.002017; 6.824275;-1.810398;,
        -1.281253; 5.777654;-1.201525;,
        -1.510288; 5.706645;-0.020943;,
        -1.417379; 6.824275;-0.472218;,
        -1.002829; 6.824275;-1.395849;,
        -1.510288; 5.706645;-0.020943;,
        -1.109813; 5.555388; 0.588171;,
        -1.002829; 6.824275; 0.417193;,
        -1.417379; 6.824275;-0.472218;,
        -1.109813; 5.555388; 0.588171;,
        -0.002017; 5.646688; 0.995317;,
        -0.002017; 6.824275; 0.831743;,
        -1.002829; 6.824275; 0.417193;,
        -0.002017; 5.646688; 0.995317;,
         1.105779; 5.555388; 0.588171;,
         0.998795; 6.824275; 0.417193;,
        -0.002017; 6.824275; 0.831743;,
         1.105779; 5.555388; 0.588171;,
         1.408899; 5.777654;-0.020943;,
         1.413344; 6.824275;-0.472218;,
         0.998795; 6.824275; 0.417193;,
         2.160650; 8.119985;-3.191099;,
         2.103946; 8.126437;-3.462118;,
         1.880166; 8.205339;-3.477453;,
         1.924528; 8.200292;-3.265421;,
         0.998795; 6.824275;-1.395849;,
        -0.002017; 6.824275;-1.810398;,
        -0.719289; 7.444149;-1.008924;,
        -0.035729; 7.444149;-0.725784;,
        -0.002017; 6.824275;-1.810398;,
        -1.002829; 6.824275;-1.395849;,
        -1.402848; 7.444149;-0.725784;,
        -0.719289; 7.444149;-1.008924;,
        -1.002829; 6.824275;-1.395849;,
        -1.417379; 6.824275;-0.472218;,
        -1.685988; 7.444149;-0.094940;,
        -1.402848; 7.444149;-0.725784;,
        -1.417379; 6.824275;-0.472218;,
        -1.002829; 6.824275; 0.417193;,
        -1.402848; 7.444149; 0.512532;,
        -1.685988; 7.444149;-0.094940;,
        -1.002829; 6.824275; 0.417193;,
        -0.002017; 6.824275; 0.831743;,
        -0.719289; 7.444149; 0.795672;,
        -1.402848; 7.444149; 0.512532;,
        -0.002017; 6.824275; 0.831743;,
         0.998795; 6.824275; 0.417193;,
        -0.035729; 7.444149; 0.512532;,
        -0.719289; 7.444149; 0.795672;,
         0.998795; 6.824275; 0.417193;,
         1.413344; 6.824275;-0.472218;,
         0.247410; 7.444149;-0.094940;,
        -0.035729; 7.444149; 0.512532;,
        -0.655373; 7.815431;-0.273638;,
        -1.148910; 7.815431;-0.478068;,
        -0.709670; 9.291215; 1.205500;,
        -0.607645; 9.291215; 1.247761;,
        -1.148910; 7.815431;-0.478068;,
        -1.642446; 7.815431;-0.273638;,
        -0.811696; 9.291215; 1.247761;,
        -0.709670; 9.291215; 1.205500;,
        -1.642446; 7.815431;-0.273638;,
        -1.846875; 7.815431; 0.181837;,
        -0.853955; 9.291215; 1.341918;,
        -0.811696; 9.291215; 1.247761;,
        -1.846875; 7.815431; 0.181837;,
        -1.642446; 7.815431; 0.620438;,
        -0.811696; 9.291215; 1.432586;,
        -0.853955; 9.291215; 1.341918;,
        -1.642446; 7.815431; 0.620438;,
        -1.148910; 7.815431; 0.824867;,
        -0.709670; 9.291215; 1.474846;,
        -0.811696; 9.291215; 1.432586;,
        -1.148910; 7.815431; 0.824867;,
        -0.655373; 7.815431; 0.620438;,
        -0.607645; 9.291215; 1.432586;,
        -0.709670; 9.291215; 1.474846;,
        -0.655373; 7.815431; 0.620438;,
        -0.450944; 7.815431; 0.181837;,
        -0.565385; 9.291215; 1.341918;,
        -0.607645; 9.291215; 1.432586;,
        -0.450944; 7.815431; 0.181837;,
        -0.655373; 7.815431;-0.273638;,
        -0.607645; 9.291215; 1.247761;,
        -0.565385; 9.291215; 1.341918;,
        -0.035729; 7.444149; 0.512532;,
         0.247410; 7.444149;-0.094940;,
        -0.450944; 7.815431; 0.181837;,
        -0.655373; 7.815431; 0.620438;,
        -0.719289; 7.444149; 0.795672;,
        -0.035729; 7.444149; 0.512532;,
        -0.655373; 7.815431; 0.620438;,
        -1.148910; 7.815431; 0.824867;,
        -1.402848; 7.444149; 0.512532;,
